40
0
40 28 4371.498423 1 3560.647274 11 3388.207413 34 2841.627491 30 2194.715301 33 1225.712307 27 681.838649 8 270.430351 12 216.977834 36 213.016077 7 208.315597 31 3.111350 14 2.376129 16 1.504785 17 0.882263 13 0.732683 3 0.639557 15 0.606390 24 0.453282 20 0.414560 29 0.400583 9 0.198814 25 0.177333 26 0.000084 5 0.000001 6 0.000000 4 0.000000 2 0.000000 18 0.000000 19 0.000000 22 0.000000 10 0.000000 39 0.000000 38 0.000000 21 0.000000 23 0.000000 32 0.000000 35 0.000000 37 0.000000 0 0.000000 
1
40 3 3832.011417 0 3560.647274 11 1656.499386 34 1268.264048 30 990.791446 33 771.695112 27 591.358004 8 201.852550 7 181.360911 36 166.965036 12 103.995281 28 5.222610 31 2.046663 14 1.501282 17 0.814041 16 0.645665 24 0.443655 13 0.374473 20 0.318993 15 0.286241 9 0.233200 25 0.185720 29 0.168418 26 0.000080 5 0.000001 4 0.000000 2 0.000000 6 0.000000 18 0.000000 19 0.000000 10 0.000000 38 0.000000 21 0.000000 22 0.000000 23 0.000000 32 0.000000 35 0.000000 37 0.000000 1 0.000000 39 0.000000 
2
40 6 994.774129 18 365.737916 26 358.967994 19 314.667463 9 157.498986 25 101.901203 37 61.241191 38 48.909509 10 7.725462 4 6.584970 22 6.155635 23 1.761375 35 0.228943 21 0.228942 5 0.060585 27 0.003193 39 0.000776 32 0.000090 3 0.000000 1 0.000000 28 0.000000 0 0.000000 30 0.000000 34 0.000000 11 0.000000 8 0.000000 12 0.000000 7 0.000000 14 0.000000 13 0.000000 15 0.000000 31 0.000000 16 0.000000 33 0.000000 17 0.000000 36 0.000000 29 0.000000 2 0.000000 20 0.000000 24 0.000000 
3
40 28 4456.776522 1 3832.011417 11 3373.067340 34 2794.628845 30 2176.436277 33 1387.878286 27 831.528977 8 287.777509 7 210.736802 12 201.072134 36 168.821942 31 4.235166 14 2.853758 16 2.099461 17 1.054867 13 0.968624 15 0.836813 0 0.639557 29 0.529461 24 0.474926 20 0.447088 25 0.351907 9 0.301213 26 0.000148 5 0.000001 6 0.000000 4 0.000000 2 0.000000 18 0.000000 19 0.000000 22 0.000000 10 0.000000 38 0.000000 21 0.000000 23 0.000000 32 0.000000 3 0.000000 35 0.000000 37 0.000000 39 0.000000 
4
40 6 961.900969 26 434.597343 18 379.725685 19 308.017066 9 187.098479 25 104.868295 37 65.793009 38 49.519128 10 10.315320 2 6.584970 22 5.610493 5 4.228389 23 2.357099 21 0.435053 35 0.268174 27 0.028930 39 0.000774 32 0.000083 3 0.000000 1 0.000000 28 0.000000 0 0.000000 30 0.000000 34 0.000000 11 0.000000 8 0.000000 12 0.000000 7 0.000000 14 0.000000 13 0.000000 15 0.000000 31 0.000000 16 0.000000 33 0.000000 17 0.000000 4 0.000000 29 0.000000 36 0.000000 20 0.000000 24 0.000000 
5
40 6 1573.502945 19 57.909191 18 35.368295 4 4.228389 9 3.767324 2 0.060585 10 0.009251 27 0.000711 36 0.000003 33 0.000003 28 0.000002 1 0.000001 3 0.000001 0 0.000001 30 0.000000 34 0.000000 11 0.000000 7 0.000000 8 0.000000 12 0.000000 31 0.000000 14 0.000000 15 0.000000 37 0.000000 35 0.000000 32 0.000000 5 0.000000 29 0.000000 25 0.000000 24 0.000000 13 0.000000 16 0.000000 17 0.000000 26 0.000000 38 0.000000 20 0.000000 21 0.000000 22 0.000000 23 0.000000 39 0.000000 
6
40 5 1573.502945 2 994.774129 4 961.900969 26 285.838634 9 96.210843 18 93.792537 19 86.427339 38 73.208253 25 62.567894 37 16.927413 10 5.633291 22 3.501066 23 1.041414 35 0.056549 27 0.029558 39 0.001769 32 0.000176 33 0.000000 3 0.000000 0 0.000000 28 0.000000 1 0.000000 30 0.000000 34 0.000000 11 0.000000 12 0.000000 8 0.000000 7 0.000000 14 0.000000 13 0.000000 15 0.000000 31 0.000000 16 0.000000 6 0.000000 17 0.000000 29 0.000000 20 0.000000 36 0.000000 21 0.000000 24 0.000000 
7
40 12 1109.784104 11 377.770933 34 263.027229 3 210.736802 0 208.315597 30 201.372693 28 188.974771 1 181.360911 14 97.693977 31 68.144490 33 62.760025 16 48.329635 17 36.630737 15 28.416586 13 25.604265 36 21.468555 24 20.591219 20 20.512934 29 10.533550 8 1.711684 27 0.125037 9 0.000000 25 0.000000 5 0.000000 26 0.000000 6 0.000000 4 0.000000 2 0.000000 18 0.000000 19 0.000000 10 0.000000 22 0.000000 38 0.000000 7 0.000000 21 0.000000 23 0.000000 32 0.000000 35 0.000000 37 0.000000 39 0.000000 
8
40 12 1501.862190 11 530.710433 34 373.909935 3 287.777509 0 270.430351 28 244.592805 30 222.149557 1 201.852550 14 118.832241 33 83.812169 31 81.069402 16 72.603023 17 50.091748 13 39.526992 36 37.258091 15 33.752882 20 27.608178 24 25.578778 29 14.415902 7 1.711684 27 0.200733 9 0.000000 25 0.000000 5 0.000000 26 0.000000 6 0.000000 4 0.000000 2 0.000000 18 0.000000 19 0.000000 10 0.000000 22 0.000000 8 0.000000 38 0.000000 21 0.000000 23 0.000000 32 0.000000 35 0.000000 37 0.000000 39 0.000000 
9
40 25 399.196868 26 379.701694 27 261.398440 4 187.098479 2 157.498986 6 96.210843 38 88.512355 37 29.900680 18 12.201746 19 6.874802 5 3.767324 10 0.301845 3 0.301213 28 0.250486 1 0.233200 0 0.198814 22 0.147786 30 0.014520 34 0.009084 11 0.007608 8 0.000000 12 0.000000 7 0.000000 36 0.000000 35 0.000000 33 0.000000 32 0.000000 31 0.000000 9 0.000000 23 0.000000 13 0.000000 14 0.000000 15 0.000000 16 0.000000 17 0.000000 29 0.000000 24 0.000000 20 0.000000 21 0.000000 39 0.000000 
10
40 22 345.091316 23 320.914822 18 49.549953 19 33.441605 21 22.395896 35 15.971483 4 10.315320 2 7.725462 6 5.633291 39 3.978522 38 3.784155 32 2.708821 26 1.592950 37 0.808045 9 0.301845 25 0.114721 5 0.009251 27 0.000000 1 0.000000 28 0.000000 3 0.000000 0 0.000000 33 0.000000 30 0.000000 34 0.000000 11 0.000000 8 0.000000 12 0.000000 7 0.000000 36 0.000000 29 0.000000 10 0.000000 13 0.000000 15 0.000000 16 0.000000 17 0.000000 20 0.000000 31 0.000000 24 0.000000 14 0.000000 
11
40 0 3388.207413 3 3373.067340 28 2322.801643 1 1656.499386 33 1180.478028 12 861.129485 34 703.126203 8 530.710433 7 377.770933 30 263.023460 27 148.190218 36 99.392102 31 9.991549 14 8.486081 15 8.474467 16 5.171512 13 3.334964 17 2.676013 29 1.566855 20 1.255263 24 0.986765 25 0.019904 9 0.007608 26 0.000002 5 0.000000 6 0.000000 4 0.000000 2 0.000000 18 0.000000 19 0.000000 22 0.000000 10 0.000000 11 0.000000 38 0.000000 21 0.000000 23 0.000000 32 0.000000 35 0.000000 37 0.000000 39 0.000000 
12
40 8 1501.862190 7 1109.784104 11 861.129485 34 770.775956 30 430.073881 0 216.977834 3 201.072134 28 145.484566 33 116.638859 1 103.995281 14 100.774301 31 79.132341 15 72.761353 16 67.624432 13 34.154571 17 22.186333 29 19.802575 20 13.910116 36 8.794340 24 8.553293 27 0.174270 9 0.000000 25 0.000000 5 0.000000 26 0.000000 6 0.000000 4 0.000000 2 0.000000 18 0.000000 19 0.000000 10 0.000000 22 0.000000 12 0.000000 38 0.000000 21 0.000000 23 0.000000 32 0.000000 35 0.000000 37 0.000000 39 0.000000 
13
40 24 378.631176 20 356.051836 17 276.880673 15 227.791067 31 185.654678 29 61.122247 8 39.526992 12 34.154571 7 25.604265 11 3.334964 16 3.276427 14 1.238426 33 1.068873 3 0.968624 28 0.760898 0 0.732683 36 0.561015 1 0.374473 9 0.000000 10 0.000000 5 0.000000 4 0.000000 2 0.000000 13 0.000000 6 0.000000 39 0.000000 18 0.000000 38 0.000000 21 0.000000 22 0.000000 23 0.000000 25 0.000000 26 0.000000 27 0.000000 30 0.000000 32 0.000000 34 0.000000 35 0.000000 37 0.000000 19 0.000000 
14
40 24 359.804555 15 353.666135 20 337.022450 17 320.532610 8 118.832241 31 110.791714 12 100.774301 7 97.693977 11 8.486081 29 6.403576 3 2.853758 33 2.674508 0 2.376129 28 2.051533 34 1.995499 1 1.501282 30 1.397636 13 1.238426 36 0.659938 16 0.046070 27 0.000027 5 0.000000 6 0.000000 9 0.000000 10 0.000000 2 0.000000 4 0.000000 39 0.000000 14 0.000000 18 0.000000 38 0.000000 21 0.000000 22 0.000000 23 0.000000 25 0.000000 26 0.000000 32 0.000000 35 0.000000 37 0.000000 19 0.000000 
15
40 31 366.384186 14 353.666135 16 342.074984 13 227.791067 29 175.617221 17 95.852277 20 89.543859 12 72.761353 24 64.991275 8 33.752882 7 28.416586 11 8.474467 33 2.637517 3 0.836813 34 0.674972 0 0.606390 30 0.408442 28 0.356905 36 0.332368 1 0.286241 5 0.000000 6 0.000000 4 0.000000 9 0.000000 10 0.000000 2 0.000000 39 0.000000 15 0.000000 18 0.000000 38 0.000000 21 0.000000 22 0.000000 23 0.000000 25 0.000000 26 0.000000 27 0.000000 32 0.000000 35 0.000000 37 0.000000 19 0.000000 
16
40 20 459.435633 17 427.288749 24 391.937524 15 342.074984 31 156.847826 29 132.414065 8 72.603023 12 67.624432 7 48.329635 11 5.171512 13 3.276427 3 2.099461 33 2.022093 0 1.504785 28 1.163164 1 0.645665 36 0.590795 34 0.120059 30 0.104109 14 0.046070 10 0.000000 9 0.000000 6 0.000000 4 0.000000 2 0.000000 5 0.000000 39 0.000000 16 0.000000 18 0.000000 38 0.000000 21 0.000000 22 0.000000 23 0.000000 25 0.000000 26 0.000000 27 0.000000 32 0.000000 35 0.000000 37 0.000000 19 0.000000 
17
40 16 427.288749 31 403.453674 14 320.532610 13 276.880673 29 135.650111 15 95.852277 8 50.091748 7 36.630737 20 30.108949 12 22.186333 11 2.676013 24 2.583435 3 1.054867 0 0.882263 28 0.823474 1 0.814041 36 0.559523 33 0.472174 5 0.000000 9 0.000000 10 0.000000 4 0.000000 2 0.000000 6 0.000000 39 0.000000 17 0.000000 18 0.000000 38 0.000000 21 0.000000 22 0.000000 23 0.000000 25 0.000000 26 0.000000 27 0.000000 30 0.000000 32 0.000000 34 0.000000 35 0.000000 37 0.000000 19 0.000000 
18
40 4 379.725685 2 365.737916 6 93.792537 22 56.624751 26 49.709165 10 49.549953 5 35.368295 23 33.222097 38 19.596980 9 12.201746 21 11.053580 37 9.869714 25 7.718259 35 2.763471 19 1.919269 39 0.026703 32 0.011220 27 0.000001 1 0.000000 28 0.000000 3 0.000000 0 0.000000 30 0.000000 34 0.000000 11 0.000000 8 0.000000 12 0.000000 7 0.000000 14 0.000000 13 0.000000 15 0.000000 16 0.000000 31 0.000000 17 0.000000 33 0.000000 18 0.000000 29 0.000000 36 0.000000 20 0.000000 24 0.000000 
19
40 2 314.667463 4 308.017066 6 86.427339 5 57.909191 22 48.974998 26 41.308679 10 33.441605 23 25.747410 38 13.517497 21 8.505394 37 7.641004 9 6.874802 25 5.191561 35 2.148279 18 1.919269 39 0.015397 32 0.005498 27 0.000000 1 0.000000 28 0.000000 3 0.000000 0 0.000000 30 0.000000 34 0.000000 11 0.000000 8 0.000000 12 0.000000 7 0.000000 36 0.000000 33 0.000000 31 0.000000 29 0.000000 17 0.000000 16 0.000000 24 0.000000 20 0.000000 13 0.000000 14 0.000000 15 0.000000 19 0.000000 
20
40 16 459.435633 31 453.605162 13 356.051836 14 337.022450 29 161.269819 15 89.543859 17 30.108949 8 27.608178 7 20.512934 12 13.910116 24 3.435251 11 1.255263 28 0.681555 3 0.447088 0 0.414560 36 0.389022 33 0.361647 1 0.318993 5 0.000000 9 0.000000 10 0.000000 4 0.000000 2 0.000000 6 0.000000 39 0.000000 18 0.000000 38 0.000000 20 0.000000 21 0.000000 22 0.000000 23 0.000000 25 0.000000 26 0.000000 27 0.000000 30 0.000000 32 0.000000 34 0.000000 35 0.000000 37 0.000000 19 0.000000 
21
40 10 22.395896 23 15.884549 18 11.053580 19 8.505394 22 2.822250 4 0.435053 2 0.228942 26 0.009098 32 0.003884 12 0.000000 15 0.000000 14 0.000000 13 0.000000 1 0.000000 3 0.000000 11 0.000000 16 0.000000 8 0.000000 7 0.000000 6 0.000000 5 0.000000 9 0.000000 39 0.000000 17 0.000000 30 0.000000 37 0.000000 36 0.000000 35 0.000000 34 0.000000 33 0.000000 31 0.000000 29 0.000000 38 0.000000 28 0.000000 27 0.000000 25 0.000000 24 0.000000 21 0.000000 20 0.000000 0 0.000000 
22
40 10 345.091316 18 56.624751 19 48.974998 35 20.999499 23 13.236649 2 6.155635 4 5.610493 6 3.501066 21 2.822250 38 2.451907 32 1.631936 39 1.472714 26 0.970332 37 0.736859 9 0.147786 25 0.065830 27 0.000000 28 0.000000 3 0.000000 0 0.000000 30 0.000000 34 0.000000 11 0.000000 12 0.000000 8 0.000000 7 0.000000 1 0.000000 24 0.000000 22 0.000000 36 0.000000 5 0.000000 29 0.000000 31 0.000000 33 0.000000 20 0.000000 14 0.000000 15 0.000000 16 0.000000 17 0.000000 13 0.000000 
23
40 10 320.914822 18 33.222097 19 25.747410 21 15.884549 22 13.236649 35 5.324634 4 2.357099 32 2.314963 39 1.798406 2 1.761375 6 1.041414 26 0.589958 25 0.000003 30 0.000000 13 0.000000 1 0.000000 3 0.000000 37 0.000000 5 0.000000 7 0.000000 8 0.000000 9 0.000000 36 0.000000 11 0.000000 12 0.000000 15 0.000000 14 0.000000 29 0.000000 16 0.000000 17 0.000000 34 0.000000 38 0.000000 20 0.000000 33 0.000000 31 0.000000 23 0.000000 24 0.000000 27 0.000000 28 0.000000 0 0.000000 
24
40 16 391.937524 31 388.906943 13 378.631176 14 359.804555 29 86.013687 15 64.991275 8 25.578778 7 20.591219 12 8.553293 20 3.435251 17 2.583435 11 0.986765 28 0.671535 3 0.474926 0 0.453282 1 0.443655 36 0.360695 33 0.287925 9 0.000000 10 0.000000 5 0.000000 4 0.000000 2 0.000000 6 0.000000 39 0.000000 18 0.000000 38 0.000000 21 0.000000 22 0.000000 23 0.000000 24 0.000000 25 0.000000 26 0.000000 27 0.000000 30 0.000000 32 0.000000 34 0.000000 35 0.000000 37 0.000000 19 0.000000 
25
40 9 399.196868 26 324.340185 4 104.868295 2 101.901203 38 85.870928 27 77.091599 6 62.567894 37 53.931328 18 7.718259 19 5.191561 3 0.351907 28 0.215498 1 0.185720 0 0.177333 10 0.114721 22 0.065830 30 0.029956 34 0.022073 11 0.019904 23 0.000003 32 0.000000 35 0.000000 12 0.000000 8 0.000000 7 0.000000 36 0.000000 33 0.000000 5 0.000000 31 0.000000 25 0.000000 24 0.000000 13 0.000000 14 0.000000 15 0.000000 16 0.000000 17 0.000000 29 0.000000 20 0.000000 21 0.000000 39 0.000000 
26
40 4 434.597343 9 379.701694 2 358.967994 25 324.340185 6 285.838634 38 84.526372 37 70.649030 18 49.709165 19 41.308679 27 3.055921 10 1.592950 22 0.970332 23 0.589958 21 0.009098 39 0.000261 3 0.000148 0 0.000084 1 0.000080 28 0.000079 35 0.000027 32 0.000019 30 0.000009 34 0.000004 11 0.000002 12 0.000000 8 0.000000 7 0.000000 14 0.000000 13 0.000000 26 0.000000 15 0.000000 16 0.000000 33 0.000000 17 0.000000 5 0.000000 31 0.000000 20 0.000000 36 0.000000 29 0.000000 24 0.000000 
27
40 3 831.528977 28 704.542760 0 681.838649 1 591.358004 9 261.398440 33 209.046882 30 158.579177 34 150.285194 11 148.190218 25 77.091599 26 3.055921 8 0.200733 38 0.178712 12 0.174270 7 0.125037 6 0.029558 4 0.028930 2 0.003193 5 0.000711 14 0.000027 18 0.000001 19 0.000000 22 0.000000 10 0.000000 17 0.000000 27 0.000000 37 0.000000 36 0.000000 35 0.000000 32 0.000000 31 0.000000 29 0.000000 24 0.000000 16 0.000000 23 0.000000 21 0.000000 13 0.000000 20 0.000000 15 0.000000 39 0.000000 
28
40 3 4456.776522 0 4371.498423 11 2322.801643 34 1881.497476 30 1419.127081 33 1065.431186 27 704.542760 36 354.320210 8 244.592805 7 188.974771 12 145.484566 1 5.222610 31 2.714842 14 2.051533 16 1.163164 17 0.823474 13 0.760898 20 0.681555 24 0.671535 29 0.622278 15 0.356905 9 0.250486 25 0.215498 26 0.000079 5 0.000002 4 0.000000 6 0.000000 2 0.000000 18 0.000000 19 0.000000 10 0.000000 22 0.000000 38 0.000000 21 0.000000 23 0.000000 28 0.000000 32 0.000000 35 0.000000 37 0.000000 39 0.000000 
29
40 15 175.617221 20 161.269819 17 135.650111 16 132.414065 24 86.013687 13 61.122247 12 19.802575 8 14.415902 7 10.533550 31 6.618012 14 6.403576 11 1.566855 33 0.634328 28 0.622278 3 0.529461 0 0.400583 36 0.311340 1 0.168418 5 0.000000 6 0.000000 4 0.000000 9 0.000000 10 0.000000 2 0.000000 39 0.000000 18 0.000000 38 0.000000 21 0.000000 22 0.000000 23 0.000000 25 0.000000 26 0.000000 27 0.000000 29 0.000000 30 0.000000 32 0.000000 34 0.000000 35 0.000000 37 0.000000 19 0.000000 
30
40 0 2194.715301 3 2176.436277 33 1452.499353 28 1419.127081 1 990.791446 12 430.073881 11 263.023460 8 222.149557 7 201.372693 27 158.579177 34 61.202487 36 24.466676 31 2.873669 14 1.397636 15 0.408442 16 0.104109 25 0.029956 9 0.014520 26 0.000009 5 0.000000 6 0.000000 4 0.000000 2 0.000000 18 0.000000 19 0.000000 22 0.000000 10 0.000000 17 0.000000 13 0.000000 38 0.000000 20 0.000000 21 0.000000 23 0.000000 24 0.000000 29 0.000000 30 0.000000 32 0.000000 35 0.000000 37 0.000000 39 0.000000 
31
40 20 453.605162 17 403.453674 24 388.906943 15 366.384186 13 185.654678 16 156.847826 14 110.791714 8 81.069402 12 79.132341 7 68.144490 11 9.991549 29 6.618012 3 4.235166 34 3.650733 0 3.111350 30 2.873669 28 2.714842 33 2.590995 1 2.046663 36 0.647378 5 0.000000 9 0.000000 10 0.000000 4 0.000000 2 0.000000 6 0.000000 39 0.000000 18 0.000000 38 0.000000 21 0.000000 22 0.000000 23 0.000000 25 0.000000 26 0.000000 27 0.000000 31 0.000000 32 0.000000 35 0.000000 37 0.000000 19 0.000000 
32
40 39 71.101957 35 67.547319 10 2.708821 23 2.314963 22 1.631936 18 0.011220 19 0.005498 21 0.003884 6 0.000176 2 0.000090 4 0.000083 26 0.000019 25 0.000000 12 0.000000 11 0.000000 37 0.000000 9 0.000000 8 0.000000 32 0.000000 7 0.000000 14 0.000000 5 0.000000 3 0.000000 1 0.000000 13 0.000000 16 0.000000 15 0.000000 31 0.000000 17 0.000000 36 0.000000 38 0.000000 20 0.000000 34 0.000000 33 0.000000 24 0.000000 27 0.000000 28 0.000000 29 0.000000 30 0.000000 0 0.000000 
33
40 30 1452.499353 34 1422.343768 3 1387.878286 0 1225.712307 11 1180.478028 28 1065.431186 1 771.695112 27 209.046882 36 132.415820 12 116.638859 8 83.812169 7 62.760025 14 2.674508 15 2.637517 31 2.590995 16 2.022093 13 1.068873 29 0.634328 17 0.472174 20 0.361647 24 0.287925 5 0.000003 6 0.000000 10 0.000000 9 0.000000 4 0.000000 2 0.000000 39 0.000000 18 0.000000 38 0.000000 21 0.000000 22 0.000000 23 0.000000 25 0.000000 26 0.000000 32 0.000000 33 0.000000 35 0.000000 37 0.000000 19 0.000000 
34
40 0 2841.627491 3 2794.628845 28 1881.497476 33 1422.343768 1 1268.264048 12 770.775956 11 703.126203 8 373.909935 7 263.027229 27 150.285194 30 61.202487 36 21.730677 31 3.650733 14 1.995499 15 0.674972 16 0.120059 25 0.022073 9 0.009084 26 0.000004 5 0.000000 6 0.000000 4 0.000000 2 0.000000 18 0.000000 19 0.000000 10 0.000000 22 0.000000 17 0.000000 13 0.000000 38 0.000000 20 0.000000 21 0.000000 23 0.000000 24 0.000000 29 0.000000 32 0.000000 34 0.000000 35 0.000000 37 0.000000 39 0.000000 
35
40 32 67.547319 39 36.015148 22 20.999499 10 15.971483 23 5.324634 18 2.763471 19 2.148279 37 0.313650 38 0.300241 4 0.268174 2 0.228943 6 0.056549 26 0.000027 25 0.000000 8 0.000000 12 0.000000 11 0.000000 9 0.000000 33 0.000000 7 0.000000 14 0.000000 5 0.000000 3 0.000000 1 0.000000 13 0.000000 16 0.000000 15 0.000000 31 0.000000 17 0.000000 36 0.000000 20 0.000000 21 0.000000 35 0.000000 34 0.000000 24 0.000000 27 0.000000 28 0.000000 29 0.000000 30 0.000000 0 0.000000 
36
40 28 354.320210 0 213.016077 3 168.821942 1 166.965036 33 132.415820 11 99.392102 8 37.258091 30 24.466676 34 21.730677 7 21.468555 12 8.794340 14 0.659938 31 0.647378 16 0.590795 13 0.561015 17 0.559523 20 0.389022 24 0.360695 15 0.332368 29 0.311340 5 0.000003 9 0.000000 10 0.000000 4 0.000000 2 0.000000 6 0.000000 39 0.000000 18 0.000000 38 0.000000 21 0.000000 22 0.000000 23 0.000000 25 0.000000 26 0.000000 27 0.000000 32 0.000000 35 0.000000 36 0.000000 37 0.000000 19 0.000000 
37
40 26 70.649030 4 65.793009 2 61.241191 25 53.931328 38 43.755902 9 29.900680 6 16.927413 18 9.869714 19 7.641004 10 0.808045 22 0.736859 35 0.313650 7 0.000000 8 0.000000 16 0.000000 5 0.000000 3 0.000000 11 0.000000 12 0.000000 13 0.000000 14 0.000000 1 0.000000 15 0.000000 39 0.000000 17 0.000000 20 0.000000 21 0.000000 23 0.000000 24 0.000000 27 0.000000 28 0.000000 29 0.000000 30 0.000000 31 0.000000 32 0.000000 33 0.000000 34 0.000000 36 0.000000 37 0.000000 0 0.000000 
38
40 9 88.512355 25 85.870928 26 84.526372 6 73.208253 4 49.519128 2 48.909509 37 43.755902 18 19.596980 19 13.517497 10 3.784155 22 2.451907 35 0.300241 27 0.178712 13 0.000000 12 0.000000 11 0.000000 8 0.000000 15 0.000000 7 0.000000 5 0.000000 3 0.000000 1 0.000000 14 0.000000 39 0.000000 16 0.000000 17 0.000000 38 0.000000 20 0.000000 21 0.000000 23 0.000000 24 0.000000 28 0.000000 29 0.000000 30 0.000000 31 0.000000 32 0.000000 33 0.000000 34 0.000000 36 0.000000 0 0.000000 
39
40 32 71.101957 35 36.015148 10 3.978522 23 1.798406 22 1.472714 18 0.026703 19 0.015397 6 0.001769 2 0.000776 4 0.000774 26 0.000261 11 0.000000 14 0.000000 13 0.000000 12 0.000000 8 0.000000 9 0.000000 16 0.000000 7 0.000000 5 0.000000 3 0.000000 1 0.000000 15 0.000000 39 0.000000 17 0.000000 38 0.000000 20 0.000000 21 0.000000 24 0.000000 25 0.000000 27 0.000000 28 0.000000 29 0.000000 30 0.000000 31 0.000000 33 0.000000 34 0.000000 36 0.000000 37 0.000000 0 0.000000 
